"time","S","I","R","new_I","new_R"
0,196,4,0,4,0
0.5,196,4,0,0,0
1,194,6,0,2,0
1.5,189,10,1,5,1
2,188,10,2,1,1
2.5,185,13,2,3,0
3,180,18,2,5,0
3.5,172,26,2,8,0
4,165,31,4,7,2
4.5,149,46,5,16,1
5,137,58,5,12,0
5.5,122,71,7,15,2
6,103,88,9,19,2
6.5,89,98,13,14,4
7,78,105,17,11,4
7.5,58,122,20,20,3
8,53,123,24,5,4
8.5,40,127,33,13,9
9,32,128,40,8,7
9.5,23,132,45,9,5
10,17,134,49,6,4
10.5,9,137,54,8,5
11,8,134,58,1,4
11.5,4,129,67,4,9
12,1,127,72,3,5
12.5,1,119,80,0,8
13,1,118,81,0,1
13.5,1,109,90,0,9
14,1,102,97,0,7
14.5,1,91,108,0,11
15,1,86,113,0,5
15.5,1,79,120,0,7
16,1,76,123,0,3
16.5,1,73,126,0,3
17,1,70,129,0,3
17.5,1,69,130,0,1
18,1,67,132,0,2
18.5,1,65,134,0,2
19,1,61,138,0,4
19.5,1,56,143,0,5
20,1,53,146,0,3
20.5,1,50,149,0,3
21,1,48,151,0,2
21.5,1,44,155,0,4
22,0,44,156,1,1
22.5,0,41,159,0,3
23,0,40,160,0,1
23.5,0,35,165,0,5
24,0,34,166,0,1
24.5,0,33,167,0,1
25,0,31,169,0,2
25.5,0,30,170,0,1
26,0,30,170,0,0
26.5,0,29,171,0,1
27,0,29,171,0,0
27.5,0,29,171,0,0
28,0,28,172,0,1
28.5,0,28,172,0,0
29,0,27,173,0,1
29.5,0,23,177,0,4
30,0,21,179,0,2
30.5,0,21,179,0,0
31,0,20,180,0,1
31.5,0,18,182,0,2
32,0,17,183,0,1
32.5,0,17,183,0,0
33,0,17,183,0,0
33.5,0,17,183,0,0
34,0,16,184,0,1
34.5,0,16,184,0,0
35,0,15,185,0,1
35.5,0,14,186,0,1
36,0,13,187,0,1
36.5,0,11,189,0,2
37,0,11,189,0,0
37.5,0,9,191,0,2
38,0,9,191,0,0
38.5,0,9,191,0,0
39,0,9,191,0,0
39.5,0,7,193,0,2
40,0,6,194,0,1
40.5,0,6,194,0,0
41,0,5,195,0,1
41.5,0,5,195,0,0
42,0,5,195,0,0
42.5,0,5,195,0,0
43,0,5,195,0,0
43.5,0,5,195,0,0
44,0,4,196,0,1
44.5,0,4,196,0,0
45,0,3,197,0,1
45.5,0,3,197,0,0
46,0,3,197,0,0
46.5,0,3,197,0,0
47,0,3,197,0,0
47.5,0,3,197,0,0
48,0,3,197,0,0
48.5,0,3,197,0,0
49,0,3,197,0,0
49.5,0,3,197,0,0
50,0,3,197,0,0
50.5,0,3,197,0,0
51,0,3,197,0,0
51.5,0,3,197,0,0
52,0,3,197,0,0
52.5,0,3,197,0,0
53,0,3,197,0,0
53.5,0,3,197,0,0
54,0,3,197,0,0
54.5,0,2,198,0,1
55,0,2,198,0,0
55.5,0,2,198,0,0
56,0,2,198,0,0
56.5,0,2,198,0,0
57,0,2,198,0,0
57.5,0,2,198,0,0
58,0,2,198,0,0
58.5,0,2,198,0,0
59,0,1,199,0,1
59.5,0,1,199,0,0
60,0,1,199,0,0
60.5,0,1,199,0,0
61,0,1,199,0,0
61.5,0,1,199,0,0
62,0,0,200,0,1
62.5,0,0,200,0,0
63,0,0,200,0,0
63.5,0,0,200,0,0
64,0,0,200,0,0
64.5,0,0,200,0,0
65,0,0,200,0,0
65.5,0,0,200,0,0
66,0,0,200,0,0
66.5,0,0,200,0,0
67,0,0,200,0,0
67.5,0,0,200,0,0
68,0,0,200,0,0
68.5,0,0,200,0,0
69,0,0,200,0,0
69.5,0,0,200,0,0
70,0,0,200,0,0
70.5,0,0,200,0,0
71,0,0,200,0,0
71.5,0,0,200,0,0
72,0,0,200,0,0
72.5,0,0,200,0,0
73,0,0,200,0,0
73.5,0,0,200,0,0
74,0,0,200,0,0
74.5,0,0,200,0,0
75,0,0,200,0,0
75.5,0,0,200,0,0
76,0,0,200,0,0
76.5,0,0,200,0,0
77,0,0,200,0,0
77.5,0,0,200,0,0
78,0,0,200,0,0
78.5,0,0,200,0,0
79,0,0,200,0,0
79.5,0,0,200,0,0
80,0,0,200,0,0
