"time","S","I","R","new_I","new_R"
0,99,1,0,1,0
0.5,99,1,0,0,0
1,95,5,0,4,0
1.5,88,12,0,7,0
2,77,22,1,11,1
2.5,63,36,1,14,0
3,37,61,2,26,1
3.5,20,74,6,17,4
4,9,84,7,11,1
4.5,4,88,8,5,1
5,2,88,10,2,2
5.5,0,88,12,2,2
6,0,85,15,0,3
6.5,0,81,19,0,4
7,0,77,23,0,4
7.5,0,72,28,0,5
8,0,70,30,0,2
8.5,0,63,37,0,7
9,0,62,38,0,1
9.5,0,61,39,0,1
10,0,60,40,0,1
10.5,0,59,41,0,1
11,0,56,44,0,3
11.5,0,55,45,0,1
12,0,50,50,0,5
12.5,0,50,50,0,0
13,0,47,53,0,3
13.5,0,47,53,0,0
14,0,47,53,0,0
14.5,0,46,54,0,1
15,0,45,55,0,1
15.5,0,44,56,0,1
16,0,43,57,0,1
16.5,0,43,57,0,0
17,0,42,58,0,1
17.5,0,42,58,0,0
18,0,42,58,0,0
18.5,0,41,59,0,1
19,0,40,60,0,1
19.5,0,39,61,0,1
20,0,37,63,0,2
20.5,0,35,65,0,2
21,0,34,66,0,1
21.5,0,33,67,0,1
22,0,33,67,0,0
22.5,0,32,68,0,1
23,0,30,70,0,2
23.5,0,29,71,0,1
24,0,29,71,0,0
24.5,0,29,71,0,0
25,0,28,72,0,1
25.5,0,28,72,0,0
26,0,28,72,0,0
26.5,0,27,73,0,1
27,0,26,74,0,1
27.5,0,24,76,0,2
28,0,24,76,0,0
28.5,0,23,77,0,1
29,0,23,77,0,0
29.5,0,22,78,0,1
30,0,22,78,0,0
30.5,0,21,79,0,1
31,0,20,80,0,1
31.5,0,20,80,0,0
32,0,19,81,0,1
32.5,0,19,81,0,0
33,0,19,81,0,0
33.5,0,19,81,0,0
34,0,19,81,0,0
34.5,0,19,81,0,0
35,0,19,81,0,0
35.5,0,19,81,0,0
36,0,18,82,0,1
36.5,0,18,82,0,0
37,0,17,83,0,1
37.5,0,16,84,0,1
38,0,14,86,0,2
38.5,0,14,86,0,0
39,0,13,87,0,1
39.5,0,13,87,0,0
40,0,9,91,0,4
40.5,0,9,91,0,0
41,0,9,91,0,0
41.5,0,9,91,0,0
42,0,9,91,0,0
42.5,0,8,92,0,1
43,0,8,92,0,0
43.5,0,8,92,0,0
44,0,7,93,0,1
44.5,0,7,93,0,0
45,0,7,93,0,0
45.5,0,7,93,0,0
46,0,7,93,0,0
46.5,0,7,93,0,0
47,0,7,93,0,0
47.5,0,7,93,0,0
48,0,7,93,0,0
48.5,0,7,93,0,0
49,0,6,94,0,1
49.5,0,6,94,0,0
50,0,6,94,0,0
50.5,0,6,94,0,0
51,0,5,95,0,1
51.5,0,4,96,0,1
52,0,4,96,0,0
52.5,0,4,96,0,0
53,0,4,96,0,0
53.5,0,4,96,0,0
54,0,4,96,0,0
54.5,0,4,96,0,0
55,0,4,96,0,0
55.5,0,4,96,0,0
56,0,3,97,0,1
56.5,0,3,97,0,0
57,0,3,97,0,0
57.5,0,2,98,0,1
58,0,2,98,0,0
58.5,0,2,98,0,0
59,0,2,98,0,0
59.5,0,2,98,0,0
60,0,1,99,0,1
60.5,0,0,100,0,1
61,0,0,100,0,0
61.5,0,0,100,0,0
62,0,0,100,0,0
62.5,0,0,100,0,0
63,0,0,100,0,0
63.5,0,0,100,0,0
64,0,0,100,0,0
64.5,0,0,100,0,0
65,0,0,100,0,0
65.5,0,0,100,0,0
66,0,0,100,0,0
66.5,0,0,100,0,0
67,0,0,100,0,0
67.5,0,0,100,0,0
68,0,0,100,0,0
68.5,0,0,100,0,0
69,0,0,100,0,0
69.5,0,0,100,0,0
70,0,0,100,0,0
70.5,0,0,100,0,0
71,0,0,100,0,0
71.5,0,0,100,0,0
72,0,0,100,0,0
72.5,0,0,100,0,0
73,0,0,100,0,0
73.5,0,0,100,0,0
74,0,0,100,0,0
74.5,0,0,100,0,0
75,0,0,100,0,0
75.5,0,0,100,0,0
76,0,0,100,0,0
76.5,0,0,100,0,0
77,0,0,100,0,0
77.5,0,0,100,0,0
78,0,0,100,0,0
78.5,0,0,100,0,0
79,0,0,100,0,0
79.5,0,0,100,0,0
80,0,0,100,0,0
