"time","S","I","R","new_I","new_R"
0,196,4,0,4,0
0.5,182,18,0,14,0
1,118,82,0,64,0
1.5,12,186,2,106,2
2,0,188,12,12,10
2.5,0,179,21,0,9
3,0,173,27,0,6
3.5,0,167,33,0,6
4,0,158,42,0,9
4.5,0,148,52,0,10
5,0,144,56,0,4
5.5,0,135,65,0,9
6,0,130,70,0,5
6.5,0,125,75,0,5
7,0,121,79,0,4
7.5,0,114,86,0,7
8,0,109,91,0,5
8.5,0,101,99,0,8
9,0,95,105,0,6
9.5,0,89,111,0,6
10,0,85,115,0,4
10.5,0,82,118,0,3
11,0,79,121,0,3
11.5,0,76,124,0,3
12,0,72,128,0,4
12.5,0,69,131,0,3
13,0,67,133,0,2
13.5,0,64,136,0,3
14,0,62,138,0,2
14.5,0,58,142,0,4
15,0,54,146,0,4
15.5,0,51,149,0,3
16,0,48,152,0,3
16.5,0,46,154,0,2
17,0,45,155,0,1
17.5,0,44,156,0,1
18,0,40,160,0,4
18.5,0,39,161,0,1
19,0,39,161,0,0
19.5,0,38,162,0,1
20,0,37,163,0,1
20.5,0,35,165,0,2
21,0,32,168,0,3
21.5,0,32,168,0,0
22,0,32,168,0,0
22.5,0,32,168,0,0
23,0,30,170,0,2
23.5,0,28,172,0,2
24,0,27,173,0,1
24.5,0,27,173,0,0
25,0,23,177,0,4
25.5,0,23,177,0,0
26,0,23,177,0,0
26.5,0,21,179,0,2
27,0,20,180,0,1
27.5,0,19,181,0,1
28,0,17,183,0,2
28.5,0,16,184,0,1
29,0,16,184,0,0
29.5,0,13,187,0,3
30,0,12,188,0,1
30.5,0,12,188,0,0
31,0,12,188,0,0
31.5,0,11,189,0,1
32,0,10,190,0,1
32.5,0,9,191,0,1
33,0,9,191,0,0
33.5,0,8,192,0,1
34,0,5,195,0,3
34.5,0,4,196,0,1
35,0,4,196,0,0
35.5,0,4,196,0,0
36,0,4,196,0,0
36.5,0,4,196,0,0
37,0,4,196,0,0
37.5,0,4,196,0,0
38,0,4,196,0,0
38.5,0,3,197,0,1
39,0,2,198,0,1
39.5,0,2,198,0,0
40,0,2,198,0,0
40.5,0,2,198,0,0
41,0,2,198,0,0
41.5,0,2,198,0,0
42,0,2,198,0,0
42.5,0,2,198,0,0
43,0,2,198,0,0
43.5,0,2,198,0,0
44,0,2,198,0,0
44.5,0,2,198,0,0
45,0,2,198,0,0
45.5,0,2,198,0,0
46,0,2,198,0,0
46.5,0,2,198,0,0
47,0,2,198,0,0
47.5,0,2,198,0,0
48,0,1,199,0,1
48.5,0,1,199,0,0
49,0,1,199,0,0
49.5,0,1,199,0,0
50,0,1,199,0,0
50.5,0,1,199,0,0
51,0,1,199,0,0
51.5,0,1,199,0,0
52,0,0,200,0,1
52.5,0,0,200,0,0
53,0,0,200,0,0
53.5,0,0,200,0,0
54,0,0,200,0,0
54.5,0,0,200,0,0
55,0,0,200,0,0
55.5,0,0,200,0,0
56,0,0,200,0,0
56.5,0,0,200,0,0
57,0,0,200,0,0
57.5,0,0,200,0,0
58,0,0,200,0,0
58.5,0,0,200,0,0
59,0,0,200,0,0
59.5,0,0,200,0,0
60,0,0,200,0,0
60.5,0,0,200,0,0
61,0,0,200,0,0
61.5,0,0,200,0,0
62,0,0,200,0,0
62.5,0,0,200,0,0
63,0,0,200,0,0
63.5,0,0,200,0,0
64,0,0,200,0,0
64.5,0,0,200,0,0
65,0,0,200,0,0
65.5,0,0,200,0,0
66,0,0,200,0,0
66.5,0,0,200,0,0
67,0,0,200,0,0
67.5,0,0,200,0,0
68,0,0,200,0,0
68.5,0,0,200,0,0
69,0,0,200,0,0
69.5,0,0,200,0,0
70,0,0,200,0,0
70.5,0,0,200,0,0
71,0,0,200,0,0
71.5,0,0,200,0,0
72,0,0,200,0,0
72.5,0,0,200,0,0
73,0,0,200,0,0
73.5,0,0,200,0,0
74,0,0,200,0,0
74.5,0,0,200,0,0
75,0,0,200,0,0
75.5,0,0,200,0,0
76,0,0,200,0,0
76.5,0,0,200,0,0
77,0,0,200,0,0
77.5,0,0,200,0,0
78,0,0,200,0,0
78.5,0,0,200,0,0
79,0,0,200,0,0
79.5,0,0,200,0,0
80,0,0,200,0,0
