"time","S","I","R","new_I","new_R"
0,980,20,0,20,0
0.5,581,418,1,399,1
1,0,985,15,581,14
1.5,0,942,58,0,43
2,0,896,104,0,46
2.5,0,863,137,0,33
3,0,832,168,0,31
3.5,0,797,203,0,35
4,0,768,232,0,29
4.5,0,738,262,0,30
5,0,698,302,0,40
5.5,0,677,323,0,21
6,0,649,351,0,28
6.5,0,623,377,0,26
7,0,594,406,0,29
7.5,0,575,425,0,19
8,0,551,449,0,24
8.5,0,522,478,0,29
9,0,506,494,0,16
9.5,0,487,513,0,19
10,0,470,530,0,17
10.5,0,445,555,0,25
11,0,421,579,0,24
11.5,0,406,594,0,15
12,0,388,612,0,18
12.5,0,368,632,0,20
13,0,356,644,0,12
13.5,0,342,658,0,14
14,0,324,676,0,18
14.5,0,313,687,0,11
15,0,303,697,0,10
15.5,0,291,709,0,12
16,0,283,717,0,8
16.5,0,266,734,0,17
17,0,259,741,0,7
17.5,0,252,748,0,7
18,0,247,753,0,5
18.5,0,241,759,0,6
19,0,233,767,0,8
19.5,0,218,782,0,15
20,0,211,789,0,7
20.5,0,201,799,0,10
21,0,194,806,0,7
21.5,0,191,809,0,3
22,0,181,819,0,10
22.5,0,170,830,0,11
23,0,155,845,0,15
23.5,0,147,853,0,8
24,0,140,860,0,7
24.5,0,138,862,0,2
25,0,136,864,0,2
25.5,0,132,868,0,4
26,0,129,871,0,3
26.5,0,121,879,0,8
27,0,117,883,0,4
27.5,0,112,888,0,5
28,0,108,892,0,4
28.5,0,102,898,0,6
29,0,97,903,0,5
29.5,0,95,905,0,2
30,0,91,909,0,4
30.5,0,88,912,0,3
31,0,82,918,0,6
31.5,0,78,922,0,4
32,0,73,927,0,5
32.5,0,70,930,0,3
33,0,67,933,0,3
33.5,0,65,935,0,2
34,0,61,939,0,4
34.5,0,58,942,0,3
35,0,57,943,0,1
35.5,0,55,945,0,2
36,0,54,946,0,1
36.5,0,51,949,0,3
37,0,50,950,0,1
37.5,0,50,950,0,0
38,0,47,953,0,3
38.5,0,46,954,0,1
39,0,44,956,0,2
39.5,0,42,958,0,2
40,0,41,959,0,1
40.5,0,39,961,0,2
41,0,38,962,0,1
41.5,0,37,963,0,1
42,0,36,964,0,1
42.5,0,33,967,0,3
43,0,33,967,0,0
43.5,0,32,968,0,1
44,0,31,969,0,1
44.5,0,29,971,0,2
45,0,27,973,0,2
45.5,0,26,974,0,1
46,0,25,975,0,1
46.5,0,23,977,0,2
47,0,21,979,0,2
47.5,0,20,980,0,1
48,0,18,982,0,2
48.5,0,18,982,0,0
49,0,18,982,0,0
49.5,0,18,982,0,0
50,0,17,983,0,1
50.5,0,17,983,0,0
51,0,15,985,0,2
51.5,0,14,986,0,1
52,0,12,988,0,2
52.5,0,11,989,0,1
53,0,11,989,0,0
53.5,0,11,989,0,0
54,0,11,989,0,0
54.5,0,11,989,0,0
55,0,11,989,0,0
55.5,0,11,989,0,0
56,0,11,989,0,0
56.5,0,11,989,0,0
57,0,9,991,0,2
57.5,0,9,991,0,0
58,0,9,991,0,0
58.5,0,9,991,0,0
59,0,8,992,0,1
59.5,0,7,993,0,1
60,0,6,994,0,1
60.5,0,6,994,0,0
61,0,6,994,0,0
61.5,0,6,994,0,0
62,0,6,994,0,0
62.5,0,6,994,0,0
63,0,6,994,0,0
63.5,0,5,995,0,1
64,0,4,996,0,1
64.5,0,4,996,0,0
65,0,4,996,0,0
65.5,0,4,996,0,0
66,0,3,997,0,1
66.5,0,3,997,0,0
67,0,2,998,0,1
67.5,0,2,998,0,0
68,0,2,998,0,0
68.5,0,2,998,0,0
69,0,2,998,0,0
69.5,0,2,998,0,0
70,0,2,998,0,0
70.5,0,1,999,0,1
71,0,1,999,0,0
71.5,0,1,999,0,0
72,0,1,999,0,0
72.5,0,1,999,0,0
73,0,1,999,0,0
73.5,0,1,999,0,0
74,0,1,999,0,0
74.5,0,1,999,0,0
75,0,1,999,0,0
75.5,0,0,1000,0,1
76,0,0,1000,0,0
76.5,0,0,1000,0,0
77,0,0,1000,0,0
77.5,0,0,1000,0,0
78,0,0,1000,0,0
78.5,0,0,1000,0,0
79,0,0,1000,0,0
79.5,0,0,1000,0,0
80,0,0,1000,0,0
